Number of Customers                  100
Number of Item Types                 100
Number of Vehicles                    22
Time Windows                           1

VEHICLE
Vehicle Capacity                   12595
Cargo Length                        60.0
Cargo Width                         25.0
Cargo Height                        30.0
Cargo Volume                     45000.0

ITEMS
Type	Length	Width	Height	Mass	Fragility	Volume
Bt1	13.0	5.0	3.0	135.64	0	195.0
Bt2	16.0	6.0	8.0	166.18	0	768.0
Bt3	12.0	4.0	4.0	342.18	1	192.0
Bt4	15.0	3.0	8.0	124.35	0	360.0
Bt5	7.0	6.0	4.0	103.45	1	168.0
Bt6	9.0	2.0	8.0	81.1	1	144.0
Bt7	15.0	7.0	4.0	208.47	0	420.0
Bt8	12.0	6.0	3.0	105.48	0	216.0
Bt9	11.0	3.0	6.0	187.3	0	198.0
Bt10	6.0	6.0	6.0	52.07	1	216.0
Bt11	16.0	6.0	6.0	245.25	0	576.0
Bt12	14.0	4.0	6.0	281.16	0	336.0
Bt13	12.0	2.0	7.0	78.98	0	168.0
Bt14	14.0	4.0	3.0	105.77	0	168.0
Bt15	9.0	6.0	7.0	131.68	1	378.0
Bt16	15.0	3.0	8.0	259.49	0	360.0
Bt17	6.0	5.0	3.0	65.15	0	90.0
Bt18	6.0	4.0	5.0	75.33	0	120.0
Bt19	10.0	6.0	7.0	93.09	0	420.0
Bt20	13.0	6.0	7.0	327.29	0	546.0
Bt21	6.0	6.0	7.0	77.64	0	252.0
Bt22	12.0	3.0	7.0	166.8	1	252.0
Bt23	12.0	6.0	3.0	180.43	0	216.0
Bt24	6.0	3.0	7.0	106.9	0	126.0
Bt25	9.0	4.0	4.0	87.0	1	144.0
Bt26	8.0	4.0	4.0	63.0	0	128.0
Bt27	14.0	2.0	4.0	91.14	0	112.0
Bt28	17.0	6.0	4.0	178.88	0	408.0
Bt29	8.0	5.0	8.0	164.33	0	320.0
Bt30	14.0	5.0	3.0	54.08	0	210.0
Bt31	16.0	4.0	5.0	135.82	0	320.0
Bt32	17.0	6.0	7.0	230.44	0	714.0
Bt33	11.0	4.0	3.0	114.26	0	132.0
Bt34	13.0	6.0	4.0	188.11	0	312.0
Bt35	9.0	5.0	7.0	218.23	0	315.0
Bt36	12.0	6.0	5.0	323.49	0	360.0
Bt37	15.0	5.0	3.0	249.41	1	225.0
Bt38	11.0	6.0	4.0	68.19	0	264.0
Bt39	16.0	4.0	4.0	149.04	0	256.0
Bt40	11.0	2.0	5.0	70.95	0	110.0
Bt41	9.0	5.0	8.0	131.93	0	360.0
Bt42	11.0	4.0	6.0	64.57	0	264.0
Bt43	12.0	6.0	7.0	192.91	0	504.0
Bt44	7.0	3.0	7.0	124.26	0	147.0
Bt45	17.0	4.0	4.0	175.13	0	272.0
Bt46	12.0	6.0	7.0	350.51	0	504.0
Bt47	13.0	6.0	8.0	179.27	1	624.0
Bt48	6.0	3.0	4.0	64.67	0	72.0
Bt49	7.0	5.0	6.0	55.06	0	210.0
Bt50	7.0	6.0	7.0	111.85	0	294.0
Bt51	10.0	3.0	3.0	43.18	1	90.0
Bt52	12.0	6.0	7.0	166.87	0	504.0
Bt53	15.0	5.0	6.0	498.82	0	450.0
Bt54	6.0	2.0	3.0	31.45	1	36.0
Bt55	6.0	5.0	6.0	72.81	0	180.0
Bt56	14.0	4.0	7.0	144.78	0	392.0
Bt57	15.0	4.0	7.0	119.02	1	420.0
Bt58	17.0	3.0	3.0	153.87	0	153.0
Bt59	10.0	4.0	3.0	82.94	1	120.0
Bt60	6.0	6.0	3.0	97.23	0	108.0
Bt61	15.0	7.0	6.0	293.37	0	630.0
Bt62	17.0	4.0	6.0	388.39	0	408.0
Bt63	15.0	6.0	6.0	192.07	0	540.0
Bt64	7.0	3.0	4.0	31.69	0	84.0
Bt65	15.0	5.0	6.0	230.26	0	450.0
Bt66	10.0	6.0	6.0	153.89	0	360.0
Bt67	9.0	4.0	5.0	96.25	0	180.0
Bt68	17.0	6.0	5.0	443.67	1	510.0
Bt69	8.0	3.0	4.0	54.82	0	96.0
Bt70	14.0	6.0	5.0	269.19	0	420.0
Bt71	8.0	4.0	4.0	185.81	0	128.0
Bt72	11.0	4.0	6.0	281.36	0	264.0
Bt73	7.0	4.0	8.0	187.59	1	224.0
Bt74	9.0	3.0	8.0	130.79	0	216.0
Bt75	6.0	5.0	6.0	204.85	0	180.0
Bt76	13.0	7.0	5.0	162.51	0	455.0
Bt77	16.0	6.0	5.0	389.33	1	480.0
Bt78	14.0	3.0	7.0	175.17	1	294.0
Bt79	8.0	4.0	4.0	86.6	0	128.0
Bt80	12.0	4.0	5.0	177.96	0	240.0
Bt81	15.0	4.0	7.0	373.17	0	420.0
Bt82	12.0	3.0	7.0	124.74	0	252.0
Bt83	10.0	5.0	5.0	168.67	0	250.0
Bt84	8.0	5.0	3.0	93.98	0	120.0
Bt85	6.0	5.0	8.0	146.61	0	240.0
Bt86	13.0	7.0	3.0	193.5	0	273.0
Bt87	17.0	3.0	8.0	193.66	0	408.0
Bt88	13.0	3.0	6.0	106.85	0	234.0
Bt89	16.0	6.0	8.0	164.15	0	768.0
Bt90	15.0	4.0	8.0	877.38	1	480.0
Bt91	9.0	3.0	8.0	90.1	0	216.0
Bt92	10.0	5.0	5.0	151.92	0	250.0
Bt93	8.0	3.0	5.0	38.32	1	120.0
Bt94	6.0	6.0	3.0	90.8	0	108.0
Bt95	7.0	6.0	6.0	89.97	1	252.0
Bt96	6.0	3.0	6.0	85.91	0	108.0
Bt97	7.0	6.0	5.0	90.98	0	210.0
Bt98	12.0	5.0	4.0	327.08	0	240.0
Bt99	8.0	5.0	7.0	187.51	0	280.0
Bt100	9.0	7.0	4.0	171.08	0	252.0

ROUTE and DEMAND
0	
73	Bt65	1	Bt76	1	Bt83	1	Bt85	1	Bt100	1	
8	Bt5	1	Bt30	1	Bt38	1	Bt41	1	Bt72	1	Bt93	1	
59	Bt31	1	Bt95	1	Bt97	1	
63	Bt57	1	Bt81	1	Bt99	1	
12	Bt20	1	Bt30	1	
66	Bt10	1	Bt24	1	Bt31	1	Bt70	1	
92	Bt28	1	Bt33	1	Bt50	1	Bt59	1	
16	Bt23	1	Bt35	1	Bt52	1	
83	Bt14	1	Bt52	1	Bt72	1	Bt76	1	Bt95	1	Bt100	1	
57	Bt7	1	Bt41	1	Bt45	1	Bt46	1	Bt59	1	
25	Bt18	1	Bt21	1	Bt30	1	Bt61	1	Bt86	1	
54	Bt4	1	Bt49	1	Bt93	1	Bt100	1	
96	Bt35	1	Bt37	1	Bt71	1	Bt89	1	
21	Bt16	1	Bt50	1	Bt61	1	
58	Bt7	1	Bt21	1	Bt52	1	Bt80	1	Bt89	1	
85	Bt4	1	Bt12	1	Bt22	1	Bt40	1	Bt63	1	Bt90	1	
100	Bt32	1	Bt45	1	Bt65	1	
47	Bt11	1	Bt37	1	Bt53	1	Bt78	1	Bt83	1	
77	Bt29	1	Bt34	1	Bt42	1	Bt44	1	Bt91	1	Bt96	1	
49	Bt4	1	Bt17	1	Bt48	1	Bt53	1	
90	Bt15	1	Bt19	1	Bt21	1	
48	Bt39	1	Bt66	1	Bt96	1	
9	Bt34	1	Bt47	1	Bt79	1	Bt91	1	Bt92	1	
93	Bt20	1	Bt21	1	Bt79	1	
89	Bt54	1	Bt59	1	Bt68	1	Bt86	1	
71	Bt6	1	Bt12	1	Bt30	1	Bt50	1	Bt58	1	
33	Bt38	1	Bt80	1	Bt88	1	
99	Bt14	1	Bt19	1	Bt45	1	Bt65	1	Bt71	1	
60	Bt22	1	Bt72	1	
51	Bt74	1	Bt99	2	
20	Bt32	1	Bt68	1	Bt99	1	
5	Bt57	1	Bt58	1	Bt69	1	Bt74	1	Bt92	1	
